Month:January
Expense:School
45.34,56.76,23.67,89.00,67.00,46.34,100.50,12.23,12.4,56.78,23.45,78.00
Expense:Restaurant
34.23,12.56,2.57,45.00,67.00,1.34,34.89,56.00,65.00,27.46,3.23,6.78,7.80
Expense:Clothing
45.00,25.00,34.67,14.23,34.56,36.00,56.85,16.00,15.00,30.23,4.34,123.78
Expense:Other
34.00,78.00,100.30,120.23,167.56,5.90,1.23,23.45,69.78,100.00,90.23,105.00,200.00,126.68
Month:February
Expense:School
5.24,56.76,23.61,89.00,67.50,26.34,10.50,12.20,12.45,6.78,23.00,8.00
Expense:Restaurant
14.23,10.06,6.57,23.00,7.50,1.84,34.00,56.87,25.00,27.46,12.23,16.78,17.80
Expense:Clothing
13.00,5.00,34.67,14.23,34.00,96.80,16.85,19.00,15.83,38.23,9.34
Expense:Other
4.00,78.80,70.30,130.13,117.56,25.90,12.23,13.45,59.78,40.50,100.23,185.00,120.00,186.68
Month:March
Expense:School
15.24,6.16,23.81,89.00,67.50,26.34,10.50,12.25,18.45,6.28,29.00,28.00
Expense:Restaurant
34.23,12.06,6.10,23.00,7.20,1.44,24.00,16.87,95.00,29.46,18.23,10.78,10.80,2.47,12.45
Expense:Clothing
13.00,15.00,24.87,14.23,34.50,16.80,16.95,39.00,15.83,38.23,92.34
Expense:Other
4.00,70.80,70.30,30.13,117.56,125.90,10.43,3.45,59.78,40.50,10.23,185.00,120.00,196.68,3.45
Month:April
Expense:School
19.24,6.16,23.81,89.00,67.50,26.34,10.50,12.25,18.45,6.28,29.00,28.00,45.67,2.54
Expense:Restaurant
34.23,12.06,6.10,23.00,7.20,1.44,24.00,16.87,95.00,29.46,18.23,10.78,10.80,2.47,12.45,21.30
Expense:Other
9.00,70.80,70.30,30.13,107.56,125.95,10.43,8.45,59.78,40.50,10.23,185.00,120.00,296.68,3.45
